-1.497148399999999935e+00
-1.140781399999999834e+00
-2.060679399999999717e+00
-1.442953300000000105e+00
-1.036504399999999881e+00
-2.275375999999999621e+00
-5.321139000000000285e-01
-2.600242000000000386e-01
-2.322365000000000013e+00
-1.244224699999999961e+00
-2.137503600000000059e+00
-1.342702499999999910e+00
-8.492499999999999494e-01
-2.038707300000000000e+00
-1.882852899999999829e+00
1.848571999999999993e-01
-1.862723400000000085e-01
-2.114253499999999786e+00
-2.164810399999999913e+00
1.029064900000000032e-01
-1.821767100000000195e+00
-2.394672200000000084e-01
-1.168160399999999877e+00
-3.436982599999999888e+00
1.306105599999999978e+00
1.059704999999999953e-01
-1.904259800000000169e+00
-3.843106500000000203e+00
-3.531458000000000208e+00
-1.185473399999999788e+00
-1.397744499999999945e+00
-2.027035499999999768e+00
-1.897979699999999825e+00
-1.415366500000000194e+00
-2.052970600000000090e+00
-7.339959999999999818e-01
-2.077844400000000036e+00
-1.407077000000000133e+00
8.144567600000000018e-01
-3.600146499999999694e+00
-2.045529399999999942e+00
-1.581014499999999989e+00
-1.474409999999999998e+00
-1.491344699999999968e+00
-1.104475399999999885e+00
-3.364134699999999922e-01
-1.759390499999999857e+00
-2.374106000000000272e+00
-1.418186300000000122e+00
-1.616522600000000143e+00
-2.337243299999999913e+00
-3.811799299999999668e+00
-3.909485800000000122e+00
-3.084152000000000005e+00
-1.274324899999999872e+00
-2.040752600000000250e+00
-6.704239999999999533e+00
-6.943206000000000655e-01
-3.475999000000000172e-01
-3.335621800000000192e+00
-1.244796600000000142e+00
-4.865715199999999796e-01
-2.138217700000000221e+00
-1.441190600000000099e+00
-5.575589499999999976e-01
-1.017235300000000064e+00
-1.662823200000000057e+00
-2.795919000000000043e+00
-1.950626599999999877e+00
-1.335331899999999905e+00
-1.516380699999999804e+00
-2.272395100000000223e+00
-1.901899999999999924e+00
-8.351796000000000220e-01
-1.373442600000000180e+00
-2.459987200000000485e+00
-5.194121600000000116e-01
-1.343473300000000092e+00
-1.508381200000000089e+00
-7.082796999999999565e-01
-6.729626699999999850e-01
6.473955500000000418e-02
-1.280768399999999918e+00
-3.873282000000000114e-01
-1.016413099999999847e+00
-2.136747799999999753e+00
1.801410900000000037e-01
-1.676016000000000172e-01
-2.144297600000000248e+00
-1.194417399999999851e+00
-3.294571899999999776e+00
-2.309032399999999985e+00
-1.828240000000000087e+00
-2.060422399999999765e+00
-3.700819699999999823e+00
-3.543536400000000253e+00
4.040927599999999953e-01
-1.367715600000000142e+00
-2.477154700000000265e+00
-5.299146000000000134e-01
-3.978262200000000082e+00
-1.198505900000000013e+00
-1.424605699999999864e+00
-1.637622699999999876e+00
-1.604000600000000221e+00
-2.096041200000000160e+00
-1.341411200000000026e-01
-1.958626900000000060e+00
-2.112620999999999860e+00
-1.801149199999999784e+00
-1.163024000000000058e+00
-3.268611399999999945e-01
-4.591130600000000173e-01
-1.220512000000000041e+00
-1.259862199999999932e+00
-3.040081499999999881e+00
-1.228632300000000122e+00
-1.053389499999999979e+00
-3.360178700000000518e+00
-1.931258699999999884e+00
-3.337334900000000104e+00
-1.458485199999999926e+00
-2.313991500000000201e+00
2.303695699999999957e-01
-7.525927000000000033e-01
-1.911811000000000149e+00
-1.927697100000000052e+00
-2.666746400000000072e+00
1.751509500000000052e+00
-1.634575699999999854e+00
-1.298771300000000073e+00
-1.740423700000000018e+00
-2.310675400000000046e+00
-1.182551399999999919e+00
-2.024490600000000473e+00
-1.532151199999999935e+00
-1.221750399999999903e+00
1.865046300000000046e-01
-6.645323000000000757e-01
-1.039624500000000173e+00
-1.174135399999999940e+00
-9.030869000000000257e-01
-4.553674799999999911e-01
-1.991051899999999986e+00
-8.079691500000000248e-01
-1.362968400000000024e-01
1.597887100000000005e-01
-3.803711700000000029e+00
-7.244128000000000789e-01
-1.054730200000000062e+00
-3.500310400000000044e+00
-4.685706199999999932e-01
-2.148593399999999765e+00
-2.260490200000000005e+00
-1.360922699999999930e+00
4.083035999999999333e-01
-2.063260800000000117e+00
-1.124107999999999885e+00
6.347455400000000525e-01
2.958604799999999813e+00
-1.506267499999999870e+00
2.056960899999999981e-01
-1.082333400000000001e+00
7.467458000000000151e-01
-1.508794399999999980e+00
-2.029193899999999662e+00
-3.535055799999999859e-01
-1.455365299999999973e+00
-4.005528500000000491e+00
1.040739799999999965e-01
-1.533168399999999876e+00
-2.415349599999999930e-01
-2.099437200000000114e+00
-2.536879299999999837e+00
-2.311985700000000143e+00
7.049469999999999903e-01
5.657540599999999476e-01
-1.499561399999999933e+00
-1.902305499999999983e+00
-1.645149399999999984e+00
-3.397861699999999985e+00
-1.887637900000000091e+00
-1.685704699999999834e+00
-1.364209000000000005e+00
-4.592580199999999890e-01
-5.689288399999999912e-01
-1.063590600000000164e+00
-1.734279300000000079e+00
-2.956488400000000016e+00
-3.765920900000000238e+00
-1.139540899999999857e+00
-4.851833300000000238e-01
-3.168445999999999874e+00
-4.091584700000000296e+00
-1.930095600000000244e+00
-1.317915100000000228e+00
3.694515199999999777e-01
-2.852426800000000262e-01
-1.992845699999999942e+00
-1.827445500000000278e+00
-1.173113800000000095e+00
-3.838716300000000192e+00
-1.390580499999999997e+00
-1.301315199999999894e+00
-1.616036000000000028e+00
-1.829304600000000169e+00
-6.817139399999999627e-01
-2.191803200000000118e-01
-1.301981000000000055e+00
-2.144118000000000190e+00
8.988629999999999676e-01
-2.285729200000000017e+00
-1.851791999999999883e+00
-3.757867800000000091e+00
-2.363795999999999786e+00
-1.493939300000000081e+00
-4.799635400000000218e-01
1.128172900000000034e+00
3.676887200000000244e-01
-1.920882600000000107e+00
-1.695134600000000047e+00
-3.272843600000000297e+00
4.440418799999999999e-01
-2.082440100000000349e+00
-1.154528500000000069e+00
-1.041761500000000007e+00
-1.779062499999999991e+00
-1.422191299999999936e+00
-4.374448999999999366e+00
-8.302201999999999846e-03
-1.260202499999999892e+00
-1.153647699999999832e+00
-2.459606399999999748e+00
-1.854396500000000003e+00
-2.982343000000000077e-01
-1.816531100000000176e+00
-1.528520499999999949e+00
-3.553079600000000227e+00
-2.574480000000000102e-01
-1.287177600000000144e+00
-2.988710999999999895e+00
-1.324575100000000005e-01
-1.940122499999999750e+00
-2.247986000000000040e+00
-1.528538299999999905e+00
-2.501668999999999699e+00
-3.313859200000000449e+00
-2.190493000000000023e+00
-1.113604000000000038e+00
-1.788436399999999704e+00
-1.278470899999999855e+00
6.704116500000000256e-01
-3.940447600000000161e+00
1.574019299999999955e-01
-3.332391699999999735e-01
-2.224108200000000313e+00
-2.831114299999999417e+00
-1.561547999999999936e+00
-1.408487800000000068e+00
-8.129424499999999831e-01
1.245556800000000131e+00
-1.740406000000000120e+00
-3.775073299999999854e+00
-8.639320999999999806e-01
-1.729383699999999857e+00
-1.040049900000000083e+00
-1.852246199999999954e+00
-1.763394700000000093e+00
-2.120315600000000078e+00
-1.602583899999999950e+00
4.897519000000000178e-01
-1.284803000000000139e+00
-1.801813699999999852e+00
2.530402800000000063e-01
-9.911674999999999791e-01
-1.366063800000000050e+00
-1.596539600000000059e+00
-3.883197299999999741e-01
-6.151839000000000057e-01
-1.888574499999999823e+00
9.959378000000000952e-01
-1.716811000000000087e+00
-1.082273600000000169e+00
-1.866072399999999742e+00
-1.833136300000000052e+00
1.197672599999999976e+00
-2.021899499999999961e+00
-3.158878000000000075e+00
1.365025300000000108e+00
-2.535130000000000106e+00
-2.942091999999999707e+00
-3.843806000000000306e-02
3.499435200000000079e-01
-2.600733299999999915e+00
-1.281375500000000001e+00
3.606409400000000209e-01
-1.668126800000000021e+00
-1.318665100000000256e+00
-3.954861200000000299e+00
-1.168192099999999956e+00
-4.164498299999999986e+00
-1.823959200000000003e+00
-1.128737100000000160e+00
-2.149810799999999578e+00
-1.282617099999999954e+00
-1.035619700000000032e+00
1.966151500000000052e+00
-2.561843599999999999e+00
-1.902455500000000133e-01
-2.107184000000000168e+00
-1.451907899999999918e+00
-1.490927600000000242e+00
-2.573098400000000119e+00
4.567992000000000163e-01
-1.258616600000000085e+00
-1.888572600000000268e+00
-3.462248600000000565e+00
-3.291313200000000716e+00
-1.800967199999999879e+00
-9.584133999999999709e-01
-1.597709000000000046e+00
-1.112586499999999923e+00
-2.424847800000000109e-01
-1.448103700000000105e+00
3.494566399999999851e-01
-6.283206300000000466e-01
2.632362500000000050e-01
1.663570899999999853e+00
5.972889700000000301e-01
-4.019166499999999864e+00
-2.467666600000000265e+00
-1.530458899999999955e+00
-1.461960300000000101e+00
-1.435103800000000041e+00
-1.241448200000000002e+00
-1.406363599999999936e+00
-3.473752399999999740e-01
3.582346699999999773e-01
-2.824921600000000144e+00
-3.134230000000000071e-01
-2.245619000000000032e+00
-1.375006900000000032e+00
-2.082719299999999940e+00
-3.531732299999999825e+00
-6.663216400000000483e-01
-1.305161500000000085e+00
-1.670225500000000141e+00
-1.248800600000000038e+00
-1.909759899999999844e+00
-1.410966600000000071e+00
-3.762908999999999837e-01
-3.020069599999999910e-01
-1.957575999999999761e+00
-1.319995899999999889e+00
-4.182790800000000253e-01
-9.862566999999998751e-01
-2.026069899999999979e+00
-1.045512400000000008e+00
-1.524129499999999915e+00
-1.042584260000000013e-01
-6.857079000000000368e-01
-1.304405100000000095e+00
-1.464488100000000070e+00
-1.268486300000000178e+00
-1.135888500000000079e+00
3.491489600000000082e-01
-1.358614699999999953e+00
-2.029959399999999636e+00
-3.040882600000000213e+00
-5.866160999999999737e-01
-2.514933600000000130e-02
-4.573123500000000341e+00
-1.583755000000000024e+00
1.557699200000000062e+00
-1.520743300000000131e+00
-1.244776099999999941e+00
-1.737285599999999874e+00
-2.145623700000000245e+00
-6.043085500000000554e-01
-3.174190499999999915e+00
-1.382280100000000234e+00
-1.407758000000000065e+00
-8.783134000000000219e-01
-1.103110899999999894e+00
-1.659910599999999903e+00
-1.390569100000000002e+00
-1.718213799999999791e+00
-1.401108000000000020e+00
3.046898200000000001e-01
-3.100314099999999851e+00
-2.366610500000000172e+00
-3.220927200000000212e+00
-1.679890199999999889e-01
-2.224795999999999996e+00
-1.585872000000000115e-01
-1.475789199999999912e+00
-1.180399399999999988e+00
-3.818848399999999810e+00
-2.512293600000000016e+00
8.362732499999999680e-01
-1.582435299999999989e+00
-4.085019000000000289e-01
-1.354439500000000018e+00
-3.205472499999999947e+00
-4.373791799999999785e-01
1.474644800000000089e+00
-1.370074699999999979e+00
8.683761999999999315e-01
7.067850999999999440e-01
2.167574200000000229e+00
-1.384701399999999971e+00
-6.773986999999999092e-01
-1.588635199999999914e+00
-1.412335000000000118e+00
-1.845130199999999998e-01
-1.651874899999999924e+00
-3.036113299999999793e+00
-6.331799000000000177e+00
-1.638329699999999889e+00
-1.868230899999999695e+00
-2.302605600000000141e+00
-1.064391000000000087e+00
-3.485650299999999646e+00
-1.607067499999999871e+00
-2.382102999999999859e+00
-2.117107899999999709e+00
-2.094164099999999973e+00
-4.004122699999999924e+00
-1.390442699999999920e+00
-1.329493899999999895e+00
-1.456988900000000031e+00
-1.497338899999999917e+00
-1.752254999999999896e+00
-1.885683199999999893e+00
-2.510727600000000059e+00
-2.335480700000000187e+00
-1.884459299999999976e-02
-1.814099399999999918e+00
-2.198336999999999986e+00
-9.199613999999999292e-01
-1.271027600000000257e+00
8.388179000000000052e-01
-2.047628200000000120e+00
-1.188987000000000016e+00
-6.361481999999999637e+00
-1.878327300000000033e+00
-2.226187200000000477e+00
-1.812423099999999954e+00
1.094579600000000097e+00
3.018380599999999969e+00
-3.905626299999999773e+00
-1.026704800000000084e+00
-1.634414399999999823e+00
4.003986999999999963e-01
-1.494727600000000267e+00
9.761414499999999661e-01
-1.787408699999999850e+00
-9.171915999999998848e-01
-1.747461000000000153e+00
-1.062421199999999954e+00
-1.230604299999999984e+00
-2.419401999999999830e+00
-2.202740200000000037e+00
-2.143949499999999730e+00
-7.291060000000000318e-01
-1.805747999999999798e-01
-1.701207899999999773e+00
-2.221924500000000080e+00
-2.645481799999999772e+00
-2.204987299999999983e+00
-1.962925299999999984e+00
-1.514272899999999922e+00
-2.273177799999999971e-01
-1.308242399999999916e+00
-2.242634400000000083e-01
1.257021699999999909e+00
-1.351930100000000134e+00
-3.973445999999999922e-01
-4.991360300000000083e-01
-3.337116200000000532e+00
-1.782744299999999837e+00
-2.125021999999999966e+00
-1.821473700000000084e+00
-1.108636500000000025e+00
-1.826915600000000195e+00
-9.881381399999999982e-01
-1.368036499999999878e+00
-1.989687099999999820e+00
-1.563359699999999908e+00
-1.484906699999999802e+00
-1.929512899999999975e+00
-5.828472000000000097e-01
-1.447526600000000219e+00
-1.732777100000000070e+00
-1.426324600000000054e+00
6.933417299999999894e-01
-9.024045999999999457e-02
-1.214092699999999914e+00
1.235541200000000117e+00
-9.541756500000000418e-01
-1.840769499999999947e+00
-2.217944899999999997e+00
-1.707427100000000086e+00
-9.802705000000000446e-02
-6.791258000000000017e+00
-1.401790100000000150e+00
4.239222699999999899e-01
-1.462653800000000004e+00
-2.795336999999999961e-01
-2.641954200000000252e+00
-3.098969999999999780e-01
-1.046352900000000030e+00
-6.058580000000000076e-01
-2.117419700000000127e+00
-1.551864499999999980e+00
-3.178703000000000056e+00
-9.171146999999999494e-01
2.139222600000000085e+00
-9.228471499999999494e-01
-1.218166399999999872e+00
-1.264254800000000012e+00
-2.315055099999999921e+00
-2.229077999999999893e+00
-1.390055899999999900e+00
5.304657999999999873e-01
-9.983443999999999097e-01
-1.040724800000000005e+00
-3.716131200000000412e+00
-2.232756900000000044e+00
-8.258682499999999704e-01
-1.219433499999999837e+00
-1.440853500000000009e-01
-9.133407999999999805e-02
-8.525138000000000993e-01
-1.647243000000000013e+00
1.454306600000000005e+00
-1.022591500000000098e+00
5.320836300000000296e-01
-1.550446400000000002e+00
-2.132721200000000206e+00
-1.607048899999999891e+00
-5.471068599999999726e-01
-1.039028999999999980e+00
-1.574317199999999861e+00
1.643304799999999899e+00
-1.114045100000000010e+00
-1.357310499999999864e+00
-1.023156900000000036e+00
-1.298179399999999983e+00
-1.483017999999999947e+00
1.284611300000000123e+00
-1.533304000000000000e+00
-6.963209500000000496e-01
-1.561153199999999908e+00
-1.118372300000000097e+00
-1.639664400000000022e+00
-1.173638699999999924e+00
-1.486142600000000202e+00
-1.186791699999999894e+00
-1.734476100000000187e+00
9.780674999999999786e-01
-3.061145999999999590e-01
-1.221302300000000063e+00
-2.170560100000000325e+00
-1.373078699999999985e+00
-2.958701100000000306e+00
4.834084499999999895e-01
-9.739075299999999658e-01
-8.982793000000000028e-02
-1.522443300000000166e+00
-1.621442000000000050e+00
-1.498860999999999999e+00
-2.058100699999999783e+00
-9.987790000000000834e-01
-1.674099599999999910e+00
-1.724202200000000129e+00
-1.296187299999999931e+00
-6.841272999999999938e-01
-1.816122899999999873e+00
-1.779925999999999897e+00
-1.260064699999999815e+00
-1.569828699999999966e+00
-1.288788800000000068e+00
-1.340407100000000185e+00
-2.098153799999999514e+00
-1.583312700000000017e+00
-1.670822300000000205e+00
-1.669423800000000124e+00
-1.587662299999999860e+00
-1.917613699999999977e+00
-3.590350600000000281e+00
-3.562358600000000486e+00
-1.471952000000000149e+00
-3.246565200000000040e-01
-2.234727899999999767e+00
-3.035933899999999908e-02
-4.643330299999999800e-01
-1.286562999999999901e+00
-8.143380000000000063e-01
-2.064824799999999794e+00
-1.188255800000000084e+00
-1.951211200000000145e+00
1.296123100000000194e+00
-9.068139000000000616e-01
-1.538049299999999953e+00
-1.647549500000000000e+00
6.545012599999999736e-01
-1.246397899999999836e+00
-1.000078900000000104e+00
-1.132688600000000045e+00
-1.421044900000000000e-01
-6.067040000000000211e-01
-1.683653700000000031e+00
4.690340800000000199e-01
-1.792570699999999961e+00
-1.489018300000000128e+00
-5.705955000000000332e-01
-1.746436399999999667e+00
-1.145404199999999983e+00
-1.603334399999999826e+00
-8.036672500000000552e-01
8.017016000000000142e-01
-1.250191700000000017e+00
-2.232005399999999806e+00
-1.101491999999999916e+00
-5.659664000000000916e-01
-1.256641699999999862e+00
-1.829967600000000028e+00
-2.517657299999999765e+00
-1.559971899999999856e+00
-2.364578700000000033e+00
-1.479899600000000204e+00
-1.361360700000000090e+00
-1.501480499999999996e+00
-4.569963200000000114e-01
-1.247082100000000082e+00
-1.979925800000000180e+00
-1.752981100000000181e+00
-2.059947499999999820e+00
-1.283291500000000029e+00
-1.084416300000000000e+00
-1.046857800000000172e+00
-1.437783800000000056e+00
8.893916600000000283e-01
-8.291722999999999733e-01
-1.241924299999999981e+00
-1.512651699999999932e+00
-3.599988199999999972e-01
-3.634346999999999994e-01
-9.830379999999999674e-01
-1.828435499999999880e+00
-2.488828400000000052e+00
-7.055766999999999456e-01
-1.267912299999999881e+00
-1.683967499999999839e+00
-1.036926699999999979e+00
-1.698671700000000007e+00
-6.794988499999999876e-01
-1.496247300000000058e+00
-1.357536100000000134e+00
-3.725413800000000109e+00
-1.867172600000000182e+00
-2.624001299999999759e+00
-1.406687500000000091e+00
-1.660429799999999956e+00
-3.895159500000000108e+00
-2.050949000000000133e+00
-1.375435600000000091e+00
-1.841185899999999931e+00
-1.783775000000000110e+00
-1.009719599999999939e+00
-1.754426199999999936e-01
-2.211359299999999806e+00
-1.600669100000000178e+00
-2.009268500000000124e+00
-1.152318799999999976e+00
-2.299952700000000405e+00
-1.375945399999999985e+00
-3.538353199999999976e+00
-1.557696799999999993e+00
-1.915093699999999899e+00
-2.190035299999999907e+00
-5.734131300000000486e-01
-1.044104099999999979e+00
-7.026383999999999963e-01
1.004103900000000049e+00
6.803605000000000069e-02
-1.096032699999999860e+00
-2.695148200000000216e+00
-2.294649000000000161e+00
-1.458401899999999918e+00
-1.050616699999999959e+00
-3.246321700000000199e+00
-1.226739600000000152e+00
-2.248534399999999600e+00
-1.280062400000000045e+00
7.434262600000000054e-01
-1.752290600000000254e+00
-3.564496299999999618e+00
-2.245119799999999888e+00
-5.343326299999999751e-01
-1.248046899999999848e+00
1.157819499999999946e-02
-1.853259600000000118e+00
3.909706199999999909e-01
-1.063805100000000170e+00
-1.693561700000000003e-01
1.713000000000000078e-01
-1.905818600000000140e+00
-1.686553699999999933e+00
3.495447999999999888e-01
-1.960288499999999878e+00
4.547016300000000233e-01
4.718972700000000076e-02
-4.592650999999999817e-01
-3.430653799999999753e-01
-2.446149299999999638e+00
-1.846372600000000253e+00
-4.308545999999999210e-01
-2.086506600000000322e+00
-1.875608299999999895e+00
-9.969083699999999881e-01
-1.565272299999999950e+00
-1.433892600000000073e+00
4.201011399999999840e-01
-1.478238100000000221e+00
-3.183015999999999845e+00
-6.453809000000000351e-01
-2.432958100000000012e+00
-3.028747600000000428e+00
-1.406107800000000241e+00
-2.288274799999999942e+00
-1.086613699999999794e+00
-1.222176249999999964e-01
-1.570883199999999924e+00
-1.329429999999999890e+00
-2.198477199999999965e-01
-2.803385299999999969e+00
-1.426981899999999914e+00
1.236129500000000103e+00
-1.955066000000000026e-01
-1.761258100000000271e+00
-1.788634999999999753e+00
-1.604166600000000109e+00
-1.096806999999999865e+00
-2.539158800000000049e+00
-1.456662200000000018e+00
-2.897535299999999814e-01
