-1.940732598000000086e+00
-2.999801636000000382e+00
-1.791510581999999907e+00
-1.968716621000000000e+00
-2.583296536999999837e+00
-2.069840670000000049e+00
-3.364106655000000057e+00
-4.124201775000000403e+00
-2.035779476000000088e+00
-2.368638515000000222e+00
-2.266858577999999902e+00
-1.923548578999999981e+00
-3.518520593999999946e+00
-1.947542666999999783e+00
-1.879656671999999862e+00
-3.301887511999999969e+00
-3.756663561000000318e+00
-1.843160628999999995e+00
-2.014299631000000090e+00
-3.505078553999999791e+00
-2.410534619999999961e+00
-4.211986542000000000e+00
-2.428249598000000287e+00
-1.319410562999999925e+00
-3.807163715000000170e+00
-4.093713759999999979e+00
-2.328924655999999871e+00
-1.545929670000000034e+00
-1.544806600000000030e+00
-2.382826566999999951e+00
-2.414254665000000077e+00
-2.246895551999999796e+00
-2.066493511000000005e+00
-2.530009746999999809e+00
-1.810250640000000022e+00
-3.229568481000000268e+00
-2.295308589999999871e+00
-2.506142615999999990e+00
-3.296878576000000116e+00
-1.523901581999999921e+00
-2.032032490000000191e+00
-1.673882604000000107e+00
-2.472531556999999935e+00
-2.426712513000000015e+00
-2.631477594000000142e+00
-3.933484553999999633e+00
-2.138643741999999737e+00
-1.454994558999999965e+00
-2.867271661999999832e+00
-2.463267565000000214e+00
-2.484978675999999886e+00
-1.638865589999999983e+00
-1.763028621999999990e+00
-1.638248563000000102e+00
-2.347630500999999814e+00
-2.024291514999999819e+00
-2.217424631000000090e+00
-3.014118671000000305e+00
-3.192424536000000312e+00
-1.150802612000000114e+00
-2.383256674000000075e+00
-4.603357791999999726e+00
-2.159420490000000026e+00
-2.577011585000000160e+00
-3.137450695000000067e+00
-3.227381706000000072e+00
-2.195251703000000276e+00
-1.905011654000000165e+00
-1.945748568000000178e+00
-2.570823669000000145e+00
-2.042001723999999907e+00
-2.071679591999999737e+00
-2.304201603000000098e+00
-3.036384583000000248e+00
-2.445256710000000222e+00
-2.153531550999999933e+00
-3.901495694999999930e+00
-2.791672707000000031e+00
-2.045099734999999974e+00
-3.708347558999999904e+00
-3.143219708999999806e+00
-3.635621548000000036e+00
-2.133612633000000258e+00
-3.651932716000000134e+00
-2.282297610999999726e+00
-2.017422675999999804e+00
-3.709315538000000245e+00
-4.303002356999999556e+00
-2.031902552000000028e+00
-2.131787538999999843e+00
-1.599262594999999898e+00
-2.173410653999999997e+00
-2.268031596999999788e+00
-2.151330471000000077e+00
-1.466322660000000111e+00
-1.596554636999999888e+00
-3.592951536000000168e+00
-1.944300651999999907e+00
-2.334307670999999917e+00
-3.336703538999999719e+00
-1.868223666999999866e+00
-2.322030543999999974e+00
-2.592403650000000059e+00
-1.877780556999999906e+00
-2.286570548999999897e+00
-1.972477674000000070e+00
-4.335958481000000475e+00
-1.988216639000000008e+00
-1.950628638000000192e+00
-2.000039576999999902e+00
-2.305353642000000036e+00
-3.752777576000000170e+00
-2.824261664999999866e+00
-2.645262718000000124e+00
-2.553294659000000077e+00
-1.302027582999999877e+00
-2.613405704000000274e+00
-2.706099510000000041e+00
-1.454319595999999937e+00
-1.998865604000000129e+00
-1.846073626999999773e+00
-2.329401493000000212e+00
-1.953699588999999959e+00
-4.227319717000000310e+00
-3.769775628999999739e+00
-2.109818696999999688e+00
-1.891058564000000164e+00
-2.164752483000000005e+00
-3.706793546999999744e+00
-2.460716724000000077e+00
-2.604381560999999845e+00
-2.383204699000000204e+00
-1.864674568000000088e+00
-2.768022536999999783e+00
-2.291141510000000103e+00
-2.007612705000000108e+00
-2.542336702000000059e+00
-3.721022606000000454e+00
-2.950678587000000075e+00
-2.699897528000000158e+00
-2.387003659999999972e+00
-2.663530587999999977e+00
-2.568137645999999830e+00
-2.032744645999999822e+00
-2.378811597999999972e+00
-3.776895523000000310e+00
-3.877159595000000181e+00
-1.862469673000000103e+00
-3.903802633000000188e+00
-3.037899493999999923e+00
-1.553443670000000054e+00
-3.039853573000000253e+00
-1.864776610999999917e+00
-1.940789579999999903e+00
-1.892622589999999994e+00
-4.143718718999999773e+00
-2.053632735999999959e+00
-2.861431598999999881e+00
-3.826951503999999726e+00
-3.415272713000000238e+00
-1.724582671999999928e+00
-3.725894690000000065e+00
-2.541340589999999899e+00
-4.680666447000000119e+00
-2.403881549999999923e+00
-2.165764569999999889e+00
-3.211507558999999734e+00
-2.397857665999999721e+00
-2.172771691999999977e+00
-2.990193604999999977e+00
-1.999038695999999948e+00
-3.616126536999999974e+00
-2.001212596999999871e+00
-1.763546585999999916e+00
-2.244269609000000276e+00
-5.770557403999999835e+00
-3.550754546999999928e+00
-1.978373528000000103e+00
-2.567384720000000176e+00
-2.559068680000000207e+00
-1.458952664999999982e+00
-2.295485497000000041e+00
-1.835595608000000212e+00
-2.441047667999999948e+00
-3.282486677000000075e+00
-2.887009621000000248e+00
-2.528136729999999943e+00
-2.001599549999999894e+00
-1.430433630999999872e+00
-1.629531621999999791e+00
-2.672971725000000021e+00
-3.124889612000000039e+00
-1.833702563999999979e+00
-1.648626565999999904e+00
-2.297652720999999953e+00
-2.799602508999999628e+00
-4.155633449999999840e+00
-4.307904719999999799e+00
-1.967409610999999892e+00
-2.295883655999999995e+00
-2.504187583999999855e+00
-2.351979733000000294e+00
-2.781778573999999615e+00
-2.919500588999999646e+00
-2.003139495999999742e+00
-1.696348666999999866e+00
-2.931986569999999848e+00
-4.019645691000000021e+00
-2.336173534000000274e+00
-2.134007691999999956e+00
-4.616160393000000361e+00
-1.948621630999999965e+00
-2.371666670000000199e+00
-2.533276558000000289e+00
-1.965157628000000045e+00
-2.718616723999999873e+00
-3.445389748000000196e+00
-4.358124733000000361e+00
-4.442892550999999912e+00
-2.393720626999999990e+00
-2.422855616000000101e+00
-1.429318665999999904e+00
-3.661884546000000018e+00
-1.964226604000000043e+00
-2.318200588000000284e+00
-3.732455729999999861e+00
-2.390899657999999928e+00
-1.742681623000000180e+00
-2.049259662999999954e+00
-3.231353521000000395e+00
-2.762743711000000157e+00
-2.611651659000000070e+00
-1.654159664999999890e+00
-1.925810575000000080e+00
-3.403140544999999850e+00
-1.788012624000000050e+00
-2.694884538999999801e+00
-1.571558594999999947e+00
-5.030303954999999938e+00
-2.742168664999999894e+00
-1.562989593000000177e+00
-4.278756618000000067e+00
-2.150876521999999902e+00
-2.388197659999999889e+00
-2.610796689999999920e+00
-1.970127583000000016e+00
-1.654414653999999985e+00
-2.734288691999999799e+00
-3.219505548000000328e+00
-2.049532651999999899e+00
-2.673902511999999732e+00
-4.729039668999999613e+00
-2.138168573000000183e+00
-5.391698837000000744e+00
-3.601999759999999995e+00
-2.016395569000000165e+00
-1.460987568000000181e+00
-2.336803675000000080e+00
-2.123805523000000139e+00
-3.012191533999999837e+00
-4.037789345000000196e+00
-2.174245596000000003e+00
-2.035906553000000230e+00
-2.975684643000000129e+00
-2.420247554999999995e+00
-2.524014710999999966e+00
-2.173450470000000134e+00
-1.940993666999999867e+00
-2.303245544000000145e+00
-2.538583516999999734e+00
-4.542295456000000620e+00
-2.471095561999999912e+00
-2.014554501000000108e+00
-3.240885734999999990e+00
-2.609487533999999886e+00
-2.633837699999999948e+00
-2.424390553999999920e+00
-3.477461576000000054e+00
-3.382955551000000227e+00
-1.876682638999999986e+00
-3.282005548000000328e+00
-2.504649639000000150e+00
-2.820096493000000315e+00
-1.946452618000000134e+00
-1.967718600999999845e+00
-4.356062888999999494e+00
-2.312216759000000010e+00
-9.855896229999999703e-01
-3.846205711000000083e+00
-2.503530501999999824e+00
-1.466721654000000097e+00
-3.558369636999999752e+00
-4.180277824000000031e+00
-2.326685667000000013e+00
-2.493266581999999953e+00
-4.425616740999999799e+00
-2.574448585999999928e+00
-3.089160681000000075e+00
-2.226439475999999917e+00
-2.501522540999999933e+00
-1.856291651999999903e+00
-2.320341586999999706e+00
-2.433470725999999917e+00
-2.497211694999999843e+00
-2.761688708999999964e+00
-2.804954528999999752e+00
-4.315471649000000021e+00
-1.873318671999999907e+00
-3.301788568000000090e+00
-1.960135698000000204e+00
-2.035106659000000207e+00
-2.967860698999999602e+00
-2.323503494000000114e+00
-4.119689465000000439e+00
-2.571300506999999680e+00
-2.415719509000000098e+00
-1.472821593000000151e+00
-1.327293634000000111e+00
-2.114526748999999928e+00
-2.478062630000000155e+00
-2.418244599999999966e+00
-2.471306562000000095e+00
-3.499413489999999793e+00
-1.848193645000000052e+00
-3.111780642999999902e+00
-3.002104521000000137e+00
-4.594189644000000072e+00
-3.655397653999999719e+00
-4.270648479000000108e+00
-1.489352584000000146e+00
-2.258359671000000013e+00
-2.253985643000000039e+00
-2.276700496999999768e+00
-1.861535668000000143e+00
-2.602610588000000114e+00
-2.500928640000000147e+00
-4.102556704999999582e+00
-3.363822698999999972e+00
-1.748428583000000147e+00
-3.508455753000000232e+00
-1.981120585999999850e+00
-2.634008645999999843e+00
-1.789502621000000016e+00
-2.273789644000000276e+00
-2.998887538999999602e+00
-2.384611607000000078e+00
-1.853403568000000057e+00
-2.360820531999999972e+00
-1.936879634999999933e+00
-2.382462502000000093e+00
-3.603702544999999979e+00
-3.526211738999999845e+00
-2.182562589999999858e+00
-2.716766596000000256e+00
-3.381467581000000333e+00
-3.181972503999999979e+00
-1.946991563000000092e+00
-2.568963528000000274e+00
-2.385103702999999964e+00
-3.994247436999999845e+00
-3.322026730000000150e+00
-2.452609539000000005e+00
-2.308488606999999693e+00
-2.440508604000000137e+00
-2.893663645000000173e+00
-4.253904343000000310e+00
-2.250878571999999966e+00
-2.147908688000000232e+00
-1.424081563999999966e+00
-2.800378561000000044e+00
-5.316353797999999742e+00
-1.496827601999999979e+00
-2.603180646999999848e+00
-3.950528621999999768e+00
-1.958774566999999855e+00
-2.440787553999999915e+00
-2.307329655000000201e+00
-2.016657590999999972e+00
-3.002442598000000018e+00
-1.289101601000000041e+00
-2.340641499000000181e+00
-2.604520559000000013e+00
-2.449150561999999809e+00
-2.509628533999999966e+00
-2.802155495000000052e+00
-2.646684646999999835e+00
-2.295457601999999930e+00
-2.499808550000000018e+00
-3.893986701999999855e+00
-1.411108613000000123e+00
-1.955720663000000137e+00
-1.578965664000000046e+00
-2.897040606000000018e+00
-1.959860563000000111e+00
-4.368501662999999979e+00
-2.517042636999999861e+00
-2.359872580000000220e+00
-1.660288571999999796e+00
-2.088743687000000016e+00
-3.977967738999999892e+00
-2.858283520000000077e+00
-3.145154714999999879e+00
-2.458598614000000016e+00
-1.455609560000000080e+00
-3.339769602000000059e+00
-4.493400573999999814e+00
-2.349586486999999835e+00
-3.707248687999999959e+00
-3.281739711999999809e+00
-3.493308543999999571e+00
-2.541101693999999966e+00
-4.564417838999999866e+00
-2.028612614000000036e+00
-2.742695569999999972e+00
-4.143968582000000289e+00
-2.033921718999999850e+00
-1.693616629000000096e+00
-2.035705565999999855e+00
-2.016088486000000124e+00
-2.325018644000000023e+00
-1.885979651999999840e+00
-2.475460529000000243e+00
-1.335434556000000050e+00
-2.579845666999999843e+00
-2.303441525000000212e+00
-2.026305675999999778e+00
-1.470927595999999893e+00
-1.834763645999999859e+00
-3.124647616999999933e+00
-2.290204525000000046e+00
-2.526742696999999982e+00
-2.847875595000000093e+00
-2.415178537000000070e+00
-2.025446652999999930e+00
-2.139914512999999907e+00
-2.636270523000000310e+00
-3.599437713999999566e+00
-2.171135663999999910e+00
-1.832740664000000130e+00
-4.309994697999999680e+00
-2.642620564000000005e+00
-4.113589763999999427e+00
-2.032111645000000077e+00
-2.318687676999999780e+00
-1.870095610999999991e+00
-2.352553605999999853e+00
-1.774957656999999855e+00
-2.064260482999999979e+00
-4.351682663000000062e+00
-3.350900649999999814e+00
-1.855673670999999914e+00
-3.165432691999999992e+00
-2.208328724000000243e+00
-3.914281606999999941e+00
-2.446171761000000000e+00
-4.110572815000000269e+00
-2.004294633999999853e+00
-3.408809661999999907e+00
-1.887232660999999867e+00
-2.720498561999999954e+00
-3.319189548000000212e+00
-1.828527570000000102e+00
-2.026983738000000201e+00
-1.980187654000000075e+00
-2.968155621999999827e+00
-3.657037734999999845e+00
-2.036674499999999721e+00
-1.858881593000000221e+00
-2.071528672999999987e+00
-2.139958619999999812e+00
-2.015305518999999990e+00
-2.675782680999999830e+00
-4.954138755999999866e+00
-2.241975545999999930e+00
-4.765581607999999747e+00
-4.244715691000000568e+00
-2.474327564000000201e+00
-3.076098679999999863e+00
-4.155702590999999835e+00
-1.529192566999999947e+00
-1.893537640999999994e+00
-2.176082611000000000e+00
-2.708028554999999837e+00
-2.469395637999999948e+00
-2.117729664000000067e+00
-3.131771563999999675e+00
-2.376078606000000093e+00
-2.272352694999999922e+00
-2.182064533000000139e+00
-2.425713539000000196e+00
-2.213909625999999964e+00
-2.993227720000000147e+00
-1.870842576000000035e+00
-2.062200546000000134e+00
-2.082959651999999995e+00
-4.664827347000000124e+00
-3.667887687999999979e+00
-2.374371529000000258e+00
-4.547277451000000248e+00
-2.350025653999999964e+00
-2.020736694000000000e+00
-1.966974615999999898e+00
-2.142701626000000026e+00
-4.018813609999999592e+00
-2.192457676000000077e+00
-2.402497530000000214e+00
-4.102400779999999969e+00
-2.377730608000000245e+00
-3.742214680000000016e+00
-2.174401759999999850e+00
-3.572970628999999843e+00
-2.803298711999999693e+00
-2.936690568999999584e+00
-1.971030593000000053e+00
-2.269617558000000201e+00
-1.740318655999999908e+00
-2.627075671999999695e+00
-3.635610579999999814e+00
-2.875368594999999861e+00
-2.952301502000000077e+00
-2.668317555999999868e+00
-2.196721554000000243e+00
-1.994162559999999917e+00
-1.782438635999999965e+00
-4.163587569999999793e+00
-2.489708661999999961e+00
-2.823891639999999814e+00
-1.632092595000000035e+00
-1.673312664000000005e+00
-2.566697598000000191e+00
-2.427138567000000080e+00
-3.907984733999999793e+00
-3.222790718000000165e+00
-3.078120708000000150e+00
-1.748872638000000146e+00
-3.631363630000000065e+00
-2.758892536000000284e+00
-4.627212523999999938e+00
-2.357675551999999897e+00
-1.988077640999999840e+00
-2.692657708999999677e+00
-2.904449701000000328e+00
-2.449716567999999928e+00
-2.456066607999999984e+00
-3.852186679999999974e+00
-2.365913630000000101e+00
-2.345785618000000294e+00
-2.488101481999999809e+00
-2.359296560000000209e+00
-2.792486668000000005e+00
-4.345025538999999881e+00
-1.877357601999999792e+00
-3.120361566999999781e+00
-2.347823619999999778e+00
-2.434025526000000106e+00
-1.756019591999999907e+00
-2.559833526999999886e+00
-2.561695575999999974e+00
-2.279607534000000157e+00
-1.886762618999999974e+00
-3.085424661999999874e+00
-3.711006641000000439e+00
-2.283657551000000119e+00
-2.054200649000000212e+00
-2.815890551000000297e+00
-1.418629645999999855e+00
-4.119884491000000537e+00
-4.773225784000000083e+00
-2.629079579999999972e+00
-2.862271546999999750e+00
-3.042841673000000302e+00
-3.095192671000000395e+00
-2.111623525999999806e+00
-3.138443708000000054e+00
-2.553470611999999917e+00
-2.347577572000000057e+00
-3.531109571000000447e+00
-3.386853695000000108e+00
-2.286034584000000258e+00
-2.410632609999999953e+00
-2.544918537000000036e+00
-1.950968623000000068e+00
-1.973655700999999985e+00
-2.299310683999999938e+00
-1.953202604999999981e+00
-2.095330714999999788e+00
-2.226349592000000044e+00
-2.309464693000000235e+00
-2.486296654000000217e+00
-2.436477661000000072e+00
-1.249737620000000105e+00
-1.407063603000000107e+00
-2.523731709000000212e+00
-3.658704758000000279e+00
-2.161360740999999752e+00
-3.230382681000000034e+00
-3.148466586999999706e+00
-2.614148616999999675e+00
-2.896793603999999966e+00
-2.084049701999999726e+00
-2.681405543999999974e+00
-2.286669730999999928e+00
-4.156892776000000289e+00
-3.338291644999999974e+00
-1.879726648000000111e+00
-1.998007536000000028e+00
-3.218349695000000121e+00
-2.552719592999999954e+00
-2.607179641999999742e+00
-3.066698551000000439e+00
-3.289936543000000047e+00
-2.850035666999999773e+00
-2.365686655000000194e+00
-3.036513567000000080e+00
-1.953524590000000005e+00
-2.951347588999999605e+00
-2.864387511999999969e+00
-2.468448639000000000e+00
-3.016458511000000176e+00
-2.411810636999999868e+00
-3.633917569999999930e+00
-3.843534469999999814e+00
-2.825899601000000150e+00
-2.283208608999999889e+00
-2.317916631999999755e+00
-2.934306621999999809e+00
-2.582425594000000046e+00
-1.817151665999999999e+00
-1.979713678000000199e+00
-2.428386688000000238e+00
-1.895703673000000089e+00
-2.470688581000000106e+00
-2.859146594999999902e+00
-2.376013755999999866e+00
-3.570891618999999739e+00
-2.450030565000000049e+00
-2.112077713000000134e+00
-2.236906528000000005e+00
-1.933564663000000072e+00
-2.548013687000000083e+00
-2.498463630999999907e+00
-2.431887627000000052e+00
-2.049051761999999943e+00
-3.889784575000000189e+00
-2.502294539999999845e+00
-2.270874499999999685e+00
-2.451304674000000183e+00
-3.891868591000000155e+00
-3.308008671000000067e+00
-2.551577567999999907e+00
-2.046900749000000186e+00
-1.840490579999999987e+00
-3.105002642000000090e+00
-2.698245524999999922e+00
-2.243944645000000016e+00
-2.805450678000000142e+00
-2.451316595000000209e+00
-2.624035596999999775e+00
-2.251395701999999943e+00
-2.481287717999999920e+00
-1.429237604000000106e+00
-2.036331654000000047e+00
-2.061052560999999894e+00
-2.641812563000000225e+00
-2.791746616000000181e+00
-1.790727614999999995e+00
-1.837691664999999919e+00
-2.549116611000000088e+00
-1.920635580999999981e+00
-2.475663662000000098e+00
-2.574205636999999935e+00
-4.099258423000000207e+00
-1.821025609999999961e+00
-2.462149619999999928e+00
-1.972702621999999906e+00
-2.579994678000000263e+00
-1.796894669999999916e+00
-2.035048484999999907e+00
-1.968665600000000238e+00
-2.373401641999999701e+00
-2.227107525000000088e+00
-1.392350554000000074e+00
-3.211492538000000341e+00
-2.190433501999999866e+00
-3.201118708000000090e+00
-4.041805743999999478e+00
-4.472964763999999427e+00
-2.626962661999999948e+00
-1.881562591000000007e+00
-2.247076510999999943e+00
-2.660456656999999669e+00
-2.532790660999999943e+00
-1.503439664999999925e+00
-2.451230525999999799e+00
-1.703648566999999892e+00
-3.510897636000000155e+00
-4.531646728999999318e+00
-2.305434704000000057e+00
-1.358232616999999864e+00
-1.814452648000000057e+00
-2.912452698000000062e+00
-2.229022502999999933e+00
-3.420650481999999659e+00
-2.304053544999999925e+00
-3.997793673999999964e+00
-2.605882644999999886e+00
-4.142487526000000031e+00
-4.225601672999999892e+00
-2.285913466999999866e+00
-1.907656669999999943e+00
-4.391609669000000160e+00
-2.302380561999999742e+00
-4.628031731000000093e+00
-3.243042706999999858e+00
-4.216782570000000341e+00
-4.210644721999999618e+00
-2.262122630999999995e+00
-1.984856605999999912e+00
-3.386854648999999551e+00
-2.421288489999999793e+00
-2.185552597000000041e+00
-2.775049686000000460e+00
-1.871706604999999968e+00
-3.139960526999999946e+00
-3.755994558000000261e+00
-2.268412590000000062e+00
-1.357661605000000105e+00
-3.138361691999999703e+00
-2.075925589000000127e+00
-1.816891669999999959e+00
-2.380055666000000070e+00
-2.418305634999999842e+00
-2.776981591999999832e+00
-4.125258446000000134e+00
-1.988666534000000041e+00
-2.269866466999999943e+00
-4.516821861000000382e+00
-1.940206646999999895e+00
-2.009742736999999835e+00
-4.053310393999999484e+00
-4.354626656000000651e+00
-2.310797690999999876e+00
-1.896422625000000028e+00
-1.950918555000000110e+00
-2.632725715999999938e+00
-2.081156731000000093e+00
-2.319999694999999917e+00
-3.386103630000000031e+00
