2.779999999999999805e+00
3.870000000000000107e+00
2.779999999999999805e+00
3.899999999999999911e+00
1.159999999999999920e+00
3.899999999999999911e+00
6.040000000000000036e+00
6.040000000000000036e+00
1.000000000000000000e+00
1.159999999999999920e+00
1.000000000000000000e+00
2.779999999999999805e+00
6.040000000000000036e+00
3.899999999999999911e+00
2.779999999999999805e+00
2.350000000000000089e+00
6.620000000000000107e+00
3.899999999999999911e+00
3.899999999999999911e+00
6.620000000000000107e+00
4.450000000000000178e+00
6.620000000000000107e+00
3.319999999999999840e+00
2.259999999999999787e+00
4.650000000000000355e+00
6.620000000000000107e+00
4.450000000000000178e+00
2.259999999999999787e+00
3.350000000000000089e+00
3.319999999999999840e+00
1.159999999999999920e+00
4.450000000000000178e+00
3.899999999999999911e+00
1.340000000000000080e+00
3.899999999999999911e+00
6.040000000000000036e+00
3.899999999999999911e+00
4.450000000000000178e+00
2.350000000000000089e+00
3.350000000000000089e+00
3.899999999999999911e+00
3.899999999999999911e+00
3.319999999999999840e+00
3.319999999999999840e+00
3.870000000000000107e+00
7.269999999999999574e+00
3.899999999999999911e+00
3.899999999999999911e+00
5.129999999999999893e+00
3.319999999999999840e+00
1.000000000000000000e+00
3.350000000000000089e+00
3.350000000000000089e+00
3.350000000000000089e+00
1.340000000000000080e+00
2.779999999999999805e+00
4.600000000000000200e-01
6.040000000000000036e+00
6.040000000000000036e+00
2.259999999999999787e+00
1.159999999999999920e+00
7.269999999999999574e+00
3.899999999999999911e+00
4.450000000000000178e+00
6.040000000000000036e+00
5.129999999999999893e+00
4.450000000000000178e+00
3.899999999999999911e+00
3.899999999999999911e+00
1.340000000000000080e+00
3.319999999999999840e+00
3.899999999999999911e+00
4.450000000000000178e+00
6.040000000000000036e+00
3.319999999999999840e+00
1.000000000000000000e+00
6.040000000000000036e+00
5.129999999999999893e+00
2.779999999999999805e+00
6.040000000000000036e+00
6.040000000000000036e+00
2.350000000000000089e+00
3.319999999999999840e+00
6.620000000000000107e+00
1.340000000000000080e+00
2.779999999999999805e+00
6.620000000000000107e+00
7.269999999999999574e+00
3.899999999999999911e+00
3.319999999999999840e+00
3.350000000000000089e+00
1.000000000000000000e+00
3.899999999999999911e+00
2.779999999999999805e+00
3.350000000000000089e+00
3.350000000000000089e+00
3.149999999999999911e+00
3.319999999999999840e+00
2.779999999999999805e+00
1.939999999999999947e+00
3.350000000000000089e+00
1.159999999999999920e+00
1.159999999999999920e+00
4.450000000000000178e+00
3.319999999999999840e+00
3.899999999999999911e+00
7.269999999999999574e+00
3.899999999999999911e+00
1.000000000000000000e+00
2.779999999999999805e+00
3.319999999999999840e+00
7.269999999999999574e+00
1.159999999999999920e+00
1.159999999999999920e+00
1.590000000000000080e+00
3.350000000000000089e+00
3.870000000000000107e+00
1.159999999999999920e+00
3.350000000000000089e+00
3.899999999999999911e+00
3.350000000000000089e+00
3.319999999999999840e+00
3.899999999999999911e+00
3.149999999999999911e+00
7.269999999999999574e+00
2.779999999999999805e+00
2.779999999999999805e+00
3.899999999999999911e+00
1.090000000000000036e+01
4.450000000000000178e+00
3.870000000000000107e+00
4.450000000000000178e+00
3.899999999999999911e+00
1.590000000000000080e+00
4.450000000000000178e+00
2.779999999999999805e+00
1.340000000000000080e+00
3.149999999999999911e+00
6.040000000000000036e+00
5.129999999999999893e+00
3.870000000000000107e+00
4.450000000000000178e+00
3.319999999999999840e+00
2.779999999999999805e+00
3.319999999999999840e+00
7.269999999999999574e+00
7.730000000000000426e+00
3.350000000000000089e+00
6.040000000000000036e+00
3.870000000000000107e+00
3.350000000000000089e+00
6.040000000000000036e+00
3.899999999999999911e+00
3.899999999999999911e+00
2.779999999999999805e+00
3.149999999999999911e+00
3.899999999999999911e+00
3.870000000000000107e+00
3.149999999999999911e+00
1.730000000000000071e+01
2.779999999999999805e+00
3.149999999999999911e+00
3.870000000000000107e+00
7.269999999999999574e+00
3.319999999999999840e+00
3.899999999999999911e+00
6.040000000000000036e+00
3.319999999999999840e+00
3.350000000000000089e+00
1.939999999999999947e+00
2.779999999999999805e+00
1.939999999999999947e+00
2.779999999999999805e+00
3.899999999999999911e+00
2.779999999999999805e+00
7.269999999999999574e+00
7.269999999999999574e+00
1.159999999999999920e+00
4.450000000000000178e+00
4.450000000000000178e+00
3.350000000000000089e+00
4.450000000000000178e+00
3.899999999999999911e+00
3.319999999999999840e+00
6.620000000000000107e+00
6.040000000000000036e+00
3.319999999999999840e+00
2.779999999999999805e+00
3.350000000000000089e+00
3.350000000000000089e+00
3.870000000000000107e+00
6.040000000000000036e+00
3.350000000000000089e+00
2.259999999999999787e+00
4.450000000000000178e+00
5.129999999999999893e+00
3.149999999999999911e+00
7.269999999999999574e+00
1.000000000000000000e+00
4.450000000000000178e+00
3.319999999999999840e+00
3.350000000000000089e+00
5.129999999999999893e+00
1.159999999999999920e+00
4.450000000000000178e+00
1.000000000000000000e+00
6.040000000000000036e+00
7.269999999999999574e+00
3.870000000000000107e+00
3.899999999999999911e+00
7.900000000000000355e+00
3.899999999999999911e+00
4.450000000000000178e+00
3.350000000000000089e+00
3.899999999999999911e+00
5.129999999999999893e+00
6.620000000000000107e+00
4.650000000000000355e+00
7.730000000000000426e+00
4.450000000000000178e+00
4.450000000000000178e+00
3.350000000000000089e+00
7.730000000000000426e+00
3.899999999999999911e+00
1.159999999999999920e+00
6.040000000000000036e+00
4.450000000000000178e+00
3.899999999999999911e+00
2.259999999999999787e+00
1.939999999999999947e+00
1.340000000000000080e+00
3.870000000000000107e+00
3.899999999999999911e+00
3.899999999999999911e+00
6.620000000000000107e+00
2.779999999999999805e+00
5.129999999999999893e+00
3.350000000000000089e+00
7.269999999999999574e+00
3.870000000000000107e+00
3.350000000000000089e+00
7.269999999999999574e+00
3.899999999999999911e+00
1.000000000000000000e+00
4.450000000000000178e+00
2.779999999999999805e+00
3.350000000000000089e+00
5.129999999999999893e+00
5.129999999999999893e+00
2.779999999999999805e+00
3.870000000000000107e+00
1.090000000000000036e+01
3.350000000000000089e+00
3.149999999999999911e+00
7.269999999999999574e+00
2.779999999999999805e+00
3.350000000000000089e+00
4.450000000000000178e+00
3.899999999999999911e+00
3.870000000000000107e+00
9.050000000000000711e+00
3.319999999999999840e+00
2.259999999999999787e+00
1.939999999999999947e+00
4.450000000000000178e+00
1.159999999999999920e+00
3.899999999999999911e+00
2.779999999999999805e+00
3.899999999999999911e+00
4.450000000000000178e+00
9.050000000000000711e+00
3.870000000000000107e+00
2.779999999999999805e+00
2.350000000000000089e+00
1.159999999999999920e+00
3.870000000000000107e+00
4.450000000000000178e+00
6.620000000000000107e+00
5.129999999999999893e+00
2.779999999999999805e+00
2.350000000000000089e+00
3.319999999999999840e+00
3.870000000000000107e+00
3.899999999999999911e+00
3.899999999999999911e+00
9.050000000000000711e+00
1.000000000000000000e+00
3.350000000000000089e+00
4.650000000000000355e+00
3.899999999999999911e+00
3.350000000000000089e+00
2.350000000000000089e+00
3.149999999999999911e+00
3.899999999999999911e+00
3.319999999999999840e+00
6.620000000000000107e+00
4.450000000000000178e+00
5.129999999999999893e+00
3.350000000000000089e+00
1.159999999999999920e+00
3.350000000000000089e+00
4.450000000000000178e+00
1.159999999999999920e+00
1.000000000000000000e+00
3.870000000000000107e+00
4.450000000000000178e+00
1.730000000000000071e+01
3.899999999999999911e+00
1.939999999999999947e+00
3.899999999999999911e+00
3.319999999999999840e+00
5.129999999999999893e+00
3.899999999999999911e+00
9.050000000000000711e+00
1.340000000000000080e+00
3.899999999999999911e+00
2.259999999999999787e+00
3.350000000000000089e+00
3.319999999999999840e+00
1.159999999999999920e+00
4.450000000000000178e+00
1.159999999999999920e+00
7.269999999999999574e+00
4.450000000000000178e+00
2.350000000000000089e+00
6.040000000000000036e+00
7.269999999999999574e+00
7.900000000000000355e+00
7.269999999999999574e+00
3.350000000000000089e+00
2.779999999999999805e+00
3.319999999999999840e+00
3.319999999999999840e+00
3.319999999999999840e+00
1.159999999999999920e+00
3.870000000000000107e+00
6.620000000000000107e+00
7.269999999999999574e+00
2.779999999999999805e+00
7.269999999999999574e+00
3.899999999999999911e+00
4.450000000000000178e+00
3.899999999999999911e+00
3.350000000000000089e+00
6.040000000000000036e+00
3.319999999999999840e+00
2.779999999999999805e+00
3.319999999999999840e+00
2.779999999999999805e+00
3.319999999999999840e+00
6.040000000000000036e+00
7.269999999999999574e+00
3.899999999999999911e+00
3.870000000000000107e+00
1.939999999999999947e+00
1.590000000000000080e+00
2.779999999999999805e+00
1.159999999999999920e+00
3.319999999999999840e+00
7.269999999999999574e+00
6.040000000000000036e+00
3.319999999999999840e+00
3.319999999999999840e+00
3.319999999999999840e+00
4.450000000000000178e+00
3.149999999999999911e+00
3.319999999999999840e+00
1.000000000000000000e+00
3.350000000000000089e+00
3.870000000000000107e+00
9.050000000000000711e+00
2.259999999999999787e+00
4.450000000000000178e+00
1.090000000000000036e+01
2.779999999999999805e+00
3.319999999999999840e+00
4.450000000000000178e+00
2.779999999999999805e+00
3.870000000000000107e+00
3.350000000000000089e+00
3.319999999999999840e+00
1.590000000000000080e+00
1.159999999999999920e+00
3.319999999999999840e+00
5.129999999999999893e+00
3.870000000000000107e+00
4.450000000000000178e+00
1.159999999999999920e+00
3.149999999999999911e+00
3.350000000000000089e+00
3.899999999999999911e+00
3.350000000000000089e+00
1.939999999999999947e+00
3.899999999999999911e+00
7.730000000000000426e+00
4.450000000000000178e+00
1.159999999999999920e+00
3.350000000000000089e+00
2.779999999999999805e+00
4.650000000000000355e+00
5.129999999999999893e+00
6.040000000000000036e+00
3.319999999999999840e+00
3.350000000000000089e+00
6.040000000000000036e+00
1.090000000000000036e+01
3.319999999999999840e+00
4.650000000000000355e+00
2.350000000000000089e+00
7.900000000000000355e+00
5.129999999999999893e+00
6.620000000000000107e+00
3.899999999999999911e+00
5.129999999999999893e+00
7.269999999999999574e+00
2.779999999999999805e+00
3.350000000000000089e+00
4.600000000000000200e-01
2.779999999999999805e+00
4.450000000000000178e+00
3.899999999999999911e+00
3.870000000000000107e+00
3.350000000000000089e+00
5.129999999999999893e+00
2.779999999999999805e+00
2.779999999999999805e+00
2.779999999999999805e+00
3.350000000000000089e+00
5.129999999999999893e+00
3.319999999999999840e+00
1.159999999999999920e+00
5.129999999999999893e+00
3.319999999999999840e+00
2.779999999999999805e+00
2.779999999999999805e+00
1.000000000000000000e+00
6.620000000000000107e+00
4.450000000000000178e+00
3.899999999999999911e+00
5.129999999999999893e+00
3.870000000000000107e+00
9.050000000000000711e+00
2.779999999999999805e+00
3.870000000000000107e+00
4.600000000000000200e-01
4.450000000000000178e+00
3.899999999999999911e+00
3.899999999999999911e+00
4.650000000000000355e+00
1.730000000000000071e+01
3.350000000000000089e+00
3.870000000000000107e+00
4.450000000000000178e+00
7.730000000000000426e+00
3.319999999999999840e+00
1.090000000000000036e+01
3.899999999999999911e+00
6.040000000000000036e+00
2.779999999999999805e+00
3.870000000000000107e+00
5.129999999999999893e+00
2.779999999999999805e+00
1.000000000000000000e+00
3.899999999999999911e+00
3.870000000000000107e+00
7.269999999999999574e+00
2.779999999999999805e+00
2.779999999999999805e+00
3.899999999999999911e+00
3.899999999999999911e+00
3.899999999999999911e+00
3.870000000000000107e+00
7.269999999999999574e+00
3.899999999999999911e+00
7.269999999999999574e+00
1.190000000000000036e+01
1.159999999999999920e+00
6.040000000000000036e+00
7.269999999999999574e+00
3.350000000000000089e+00
2.779999999999999805e+00
3.899999999999999911e+00
4.450000000000000178e+00
1.159999999999999920e+00
4.450000000000000178e+00
1.590000000000000080e+00
3.319999999999999840e+00
4.450000000000000178e+00
3.319999999999999840e+00
3.319999999999999840e+00
3.899999999999999911e+00
6.040000000000000036e+00
4.450000000000000178e+00
4.450000000000000178e+00
4.450000000000000178e+00
7.269999999999999574e+00
1.939999999999999947e+00
3.319999999999999840e+00
4.650000000000000355e+00
1.159999999999999920e+00
2.779999999999999805e+00
3.899999999999999911e+00
3.319999999999999840e+00
7.269999999999999574e+00
4.600000000000000200e-01
3.319999999999999840e+00
3.149999999999999911e+00
3.870000000000000107e+00
7.269999999999999574e+00
3.899999999999999911e+00
6.040000000000000036e+00
1.159999999999999920e+00
6.040000000000000036e+00
3.899999999999999911e+00
3.319999999999999840e+00
3.350000000000000089e+00
3.319999999999999840e+00
7.900000000000000355e+00
1.590000000000000080e+00
1.159999999999999920e+00
1.340000000000000080e+00
1.000000000000000000e+00
3.899999999999999911e+00
2.779999999999999805e+00
3.149999999999999911e+00
1.159999999999999920e+00
1.159999999999999920e+00
3.350000000000000089e+00
1.000000000000000000e+00
3.319999999999999840e+00
1.159999999999999920e+00
7.269999999999999574e+00
2.350000000000000089e+00
1.340000000000000080e+00
4.450000000000000178e+00
4.650000000000000355e+00
1.159999999999999920e+00
7.730000000000000426e+00
4.450000000000000178e+00
2.779999999999999805e+00
4.450000000000000178e+00
6.040000000000000036e+00
1.159999999999999920e+00
4.450000000000000178e+00
1.090000000000000036e+01
1.159999999999999920e+00
3.319999999999999840e+00
1.340000000000000080e+00
1.159999999999999920e+00
5.129999999999999893e+00
7.900000000000000355e+00
2.779999999999999805e+00
6.040000000000000036e+00
4.450000000000000178e+00
1.159999999999999920e+00
2.779999999999999805e+00
1.159999999999999920e+00
4.450000000000000178e+00
3.870000000000000107e+00
2.779999999999999805e+00
2.350000000000000089e+00
7.269999999999999574e+00
3.870000000000000107e+00
3.899999999999999911e+00
1.590000000000000080e+00
3.350000000000000089e+00
3.149999999999999911e+00
6.620000000000000107e+00
1.939999999999999947e+00
5.129999999999999893e+00
5.129999999999999893e+00
5.129999999999999893e+00
2.779999999999999805e+00
1.590000000000000080e+00
3.319999999999999840e+00
4.450000000000000178e+00
5.129999999999999893e+00
5.129999999999999893e+00
4.450000000000000178e+00
4.450000000000000178e+00
3.870000000000000107e+00
2.779999999999999805e+00
3.319999999999999840e+00
3.319999999999999840e+00
3.899999999999999911e+00
4.450000000000000178e+00
4.450000000000000178e+00
4.450000000000000178e+00
3.319999999999999840e+00
4.450000000000000178e+00
2.259999999999999787e+00
3.350000000000000089e+00
4.450000000000000178e+00
7.269999999999999574e+00
3.899999999999999911e+00
6.620000000000000107e+00
6.040000000000000036e+00
1.340000000000000080e+00
1.340000000000000080e+00
3.899999999999999911e+00
3.870000000000000107e+00
4.450000000000000178e+00
9.050000000000000711e+00
1.939999999999999947e+00
4.450000000000000178e+00
4.450000000000000178e+00
2.350000000000000089e+00
3.870000000000000107e+00
4.450000000000000178e+00
5.129999999999999893e+00
6.040000000000000036e+00
4.450000000000000178e+00
3.319999999999999840e+00
2.350000000000000089e+00
2.779999999999999805e+00
5.129999999999999893e+00
6.040000000000000036e+00
3.899999999999999911e+00
5.129999999999999893e+00
3.319999999999999840e+00
6.040000000000000036e+00
4.650000000000000355e+00
3.870000000000000107e+00
2.779999999999999805e+00
1.159999999999999920e+00
6.040000000000000036e+00
1.159999999999999920e+00
2.779999999999999805e+00
3.899999999999999911e+00
4.450000000000000178e+00
3.899999999999999911e+00
3.319999999999999840e+00
5.129999999999999893e+00
3.319999999999999840e+00
1.939999999999999947e+00
1.159999999999999920e+00
3.899999999999999911e+00
4.450000000000000178e+00
2.779999999999999805e+00
3.870000000000000107e+00
1.159999999999999920e+00
3.319999999999999840e+00
3.319999999999999840e+00
9.050000000000000711e+00
1.159999999999999920e+00
3.319999999999999840e+00
4.450000000000000178e+00
6.620000000000000107e+00
6.040000000000000036e+00
1.159999999999999920e+00
3.899999999999999911e+00
1.000000000000000000e+00
6.040000000000000036e+00
4.450000000000000178e+00
4.450000000000000178e+00
1.340000000000000080e+00
4.450000000000000178e+00
1.159999999999999920e+00
4.450000000000000178e+00
3.319999999999999840e+00
2.259999999999999787e+00
3.899999999999999911e+00
3.899999999999999911e+00
1.159999999999999920e+00
5.129999999999999893e+00
2.259999999999999787e+00
3.899999999999999911e+00
5.129999999999999893e+00
3.899999999999999911e+00
4.450000000000000178e+00
1.159999999999999920e+00
7.730000000000000426e+00
3.899999999999999911e+00
3.899999999999999911e+00
2.779999999999999805e+00
1.159999999999999920e+00
2.779999999999999805e+00
2.779999999999999805e+00
3.350000000000000089e+00
4.450000000000000178e+00
3.899999999999999911e+00
3.899999999999999911e+00
1.939999999999999947e+00
1.159999999999999920e+00
6.040000000000000036e+00
3.149999999999999911e+00
9.050000000000000711e+00
3.870000000000000107e+00
3.899999999999999911e+00
3.899999999999999911e+00
4.450000000000000178e+00
1.159999999999999920e+00
3.350000000000000089e+00
3.319999999999999840e+00
2.779999999999999805e+00
5.129999999999999893e+00
7.269999999999999574e+00
4.450000000000000178e+00
3.350000000000000089e+00
3.899999999999999911e+00
6.040000000000000036e+00
3.319999999999999840e+00
6.620000000000000107e+00
4.450000000000000178e+00
7.269999999999999574e+00
3.870000000000000107e+00
7.269999999999999574e+00
7.730000000000000426e+00
3.319999999999999840e+00
2.779999999999999805e+00
7.730000000000000426e+00
4.450000000000000178e+00
7.730000000000000426e+00
6.620000000000000107e+00
7.269999999999999574e+00
7.269999999999999574e+00
3.899999999999999911e+00
3.899999999999999911e+00
1.939999999999999947e+00
4.450000000000000178e+00
4.450000000000000178e+00
1.159999999999999920e+00
2.779999999999999805e+00
5.129999999999999893e+00
7.269999999999999574e+00
3.319999999999999840e+00
2.259999999999999787e+00
6.040000000000000036e+00
2.779999999999999805e+00
1.000000000000000000e+00
4.450000000000000178e+00
1.000000000000000000e+00
3.870000000000000107e+00
3.149999999999999911e+00
1.000000000000000000e+00
3.319999999999999840e+00
7.269999999999999574e+00
1.000000000000000000e+00
2.779999999999999805e+00
3.149999999999999911e+00
7.269999999999999574e+00
4.450000000000000178e+00
2.779999999999999805e+00
2.779999999999999805e+00
3.870000000000000107e+00
3.899999999999999911e+00
3.319999999999999840e+00
6.040000000000000036e+00
