3.358576058999999780e+00
4.067907332999999959e+00
3.748744488000000263e+00
4.099173546000000279e+00
3.604814768000000225e+00
4.609153747999999773e+00
6.459564686000000222e+00
5.949666022999999804e+00
2.390420436999999954e+00
3.898821831000000238e+00
2.768682241000000044e+00
3.134121418000000325e+00
5.776995658999999783e+00
4.706993103000000289e+00
3.674712896000000395e+00
4.723783016000000501e+00
4.988375186999999933e+00
4.679864407000000170e+00
4.901155472000000124e+00
5.790189742999999112e+00
5.556504249999999701e+00
5.118688106999999654e+00
4.696250438999999943e+00
2.943217516000000256e+00
5.528359889999999943e+00
5.653685570000000382e+00
5.705226897999999380e+00
3.754785298999999910e+00
3.826727389999999840e+00
4.764822483000000553e+00
3.199368237999999920e+00
5.849031447999999855e+00
4.489967822999999747e+00
3.532320261000000183e+00
4.826071738999999639e+00
6.458360195000000026e+00
3.924780846000000434e+00
5.203195572000000269e+00
5.480671882999999411e+00
3.535942553999999571e+00
4.845264434999999814e+00
4.426214694999999644e+00
5.106711863999999323e+00
5.012364387999999948e+00
5.281816483000000062e+00
3.998091936000000235e+00
5.005263805000000232e+00
5.776536942000000785e+00
5.810169219999999690e+00
5.073642254000000129e+00
2.525001764000000204e+00
4.082032681000000274e+00
3.545276402999999910e+00
3.703110217999999954e+00
4.024404049000000150e+00
3.550226687999999964e+00
1.859281540000000010e+00
6.174517155000000201e+00
5.855378151000000031e+00
3.353217840000000116e+00
3.575908183999999768e+00
4.298241137999999850e+00
4.409140110000000057e+00
5.357346534999999577e+00
6.264955043999999695e+00
4.873607158999999633e+00
5.648783207000000139e+00
5.152744293000000475e+00
4.600261211000000294e+00
3.740746021000000088e+00
4.980726242000000248e+00
4.826057433999999979e+00
5.724942207000000671e+00
6.176681995000000036e+00
4.864147662999999788e+00
2.596432446999999755e+00
5.471650123999999948e+00
5.178283215000000439e+00
3.240390301000000139e+00
5.211722373999999824e+00
6.421315192999999866e+00
3.840656281000000227e+00
5.155249118999999602e+00
5.489233493999999602e+00
3.756306410000000096e+00
3.663328408999999564e+00
5.083549500000000165e+00
5.512522697000000527e+00
4.639986515000000367e+00
4.950600147000000284e+00
3.524676561000000152e+00
2.952207326999999992e+00
4.339322566999999964e+00
3.714397906999999943e+00
4.340616703000000243e+00
3.801788568000000090e+00
4.800326346999999494e+00
5.484236717000000816e+00
3.800576448000000163e+00
4.809062003999999391e+00
3.923208236999999876e+00
3.806854486000000204e+00
3.897012948999999615e+00
6.044722557000000052e+00
5.304878711999999830e+00
4.741611004000000129e+00
6.621915340000000150e+00
4.600810528000000232e+00
2.509621142999999943e+00
3.516079903000000062e+00
4.924090385000000403e+00
4.410458564999999886e+00
3.195322513999999892e+00
3.848335743000000253e+00
4.138542651999999933e+00
3.824726104999999876e+00
4.890528201999999602e+00
3.438749790000000139e+00
3.533818244999999969e+00
4.538914680000000423e+00
3.654609918999999874e+00
5.065352439999999845e+00
4.826139450000000330e+00
2.777356863000000065e+00
4.282413006000000522e+00
3.060105801000000181e+00
3.645160913000000225e+00
5.011713505000000346e+00
6.858723640000000010e+00
5.442368507000000299e+00
4.138092518000000553e+00
5.544431686000000248e+00
4.364515305000000289e+00
4.322374821000000367e+00
5.595451354999999793e+00
3.301801443000000003e+00
4.384160995000000227e+00
4.620276451000000506e+00
6.238090992000000057e+00
5.782838821000000351e+00
4.490845203000000119e+00
4.910702705000000279e+00
4.372148991000000429e+00
3.616849898999999979e+00
5.105676651000000454e+00
6.272143841000000108e+00
5.587196350000000145e+00
4.088091373000000139e+00
6.212793827000000491e+00
3.951253653000000199e+00
3.426487446000000325e+00
6.113869667000000341e+00
4.804726601000000485e+00
4.718455791000000232e+00
3.091516495000000031e+00
3.748711108999999819e+00
4.161694526999999866e+00
4.028256416000000506e+00
4.516807078999999447e+00
6.437823772000000666e+00
3.385210513999999726e+00
4.277657508999999969e+00
4.798041820999999985e+00
6.398247718999999556e+00
4.947023868999999685e+00
3.991019726000000212e+00
5.795972823999999690e+00
4.945771693999999385e+00
3.981890916999999863e+00
6.244055271000000573e+00
3.283570051000000323e+00
5.832039832999999618e+00
3.580205916999999793e+00
4.609160900000000005e+00
3.646881818999999858e+00
5.945563792999999819e+00
7.197597027000000480e+00
3.423140286999999837e+00
5.011977673000000522e+00
5.331234932000000093e+00
3.548276663000000219e+00
6.345094203999999571e+00
4.486652851000000553e+00
4.815154552000000088e+00
5.955163955999999814e+00
6.136114120000000227e+00
4.550987243999999876e+00
3.444311141999999659e+00
3.669856548000000274e+00
3.672452926999999701e+00
4.076469421000000537e+00
6.267058848999999654e+00
2.880838633000000204e+00
3.552173376000000271e+00
5.785743237000000150e+00
5.022938727999999742e+00
3.873904705000000170e+00
4.707377911000000026e+00
2.617633580999999765e+00
5.665648459999999886e+00
4.749662876000000367e+00
3.785770177999999930e+00
5.870966911000000010e+00
3.520658969999999943e+00
5.673878669999999680e+00
2.618113994999999861e+00
6.262881279000000134e+00
4.703506469999999773e+00
5.201103686999999809e+00
3.966299057000000072e+00
4.000512123000000031e+00
4.852810859999999948e+00
5.592810153999999478e+00
3.910008191999999827e+00
4.867731571000000201e+00
4.960972308999999747e+00
5.160768985999999892e+00
4.313313961000000418e+00
5.480604648999999995e+00
5.794245720000000155e+00
5.710502147999999778e+00
4.041976452000000108e+00
6.461145401000000454e+00
4.731450081000000196e+00
3.863604068999999974e+00
5.267298221999999974e+00
5.586597918999999912e+00
4.048664569999999685e+00
3.013054371000000398e+00
4.580173492000000124e+00
3.205983638999999830e+00
4.828433036999999928e+00
4.771755695000000408e+00
4.494604588000000511e+00
5.124563216999999504e+00
3.759571075000000207e+00
5.845278740000000361e+00
4.402572154999999654e+00
4.225255966000000640e+00
3.945737600000000178e+00
3.657097339999999974e+00
4.862017155000000201e+00
4.946152686999999659e+00
2.462537289000000129e+00
5.306786060000000305e+00
3.552606821000000359e+00
3.873712063000000150e+00
4.891922951000000630e+00
5.953416347999999303e+00
3.552223443999999564e+00
4.714636803000000320e+00
5.643284797999999824e+00
3.783157586999999822e+00
3.405771254999999886e+00
4.570811748999999757e+00
3.716050148000000330e+00
3.517873526000000250e+00
5.405360222000000547e+00
4.309048653000000506e+00
4.145510673999999618e+00
6.496549606000000310e+00
4.242607116999999484e+00
3.167504786999999933e+00
6.032621860999999974e+00
5.558582782999999417e+00
3.661515473999999770e+00
4.596952437999999752e+00
3.611788033999999925e+00
3.934579848999999907e+00
5.342635154999999969e+00
6.884341717000000749e+00
4.540792941999999499e+00
3.509995698999999636e+00
5.086930275000000279e+00
3.522222756999999760e+00
4.147037028999999819e+00
5.414800167000000108e+00
5.557868480999999861e+00
5.714253902000000274e+00
3.640258073999999677e+00
5.256159305999999809e+00
4.925962925000000325e+00
4.066517353000000057e+00
4.534109592000000077e+00
4.514323711000000294e+00
6.339515686000000372e+00
2.368543148000000098e+00
3.185096501999999941e+00
5.889613152000000795e+00
4.851547717999999954e+00
3.578176736999999719e+00
4.087707042999999985e+00
3.667279719999999799e+00
4.940310477999999783e+00
4.719188690000000186e+00
5.434523582000000630e+00
4.668685913000000021e+00
5.567853927999999897e+00
3.956528663999999917e+00
3.816468238999999762e+00
4.237910748000000005e+00
5.647854327999999313e+00
3.851000308999999788e+00
2.453419209000000212e+00
3.931450367000000057e+00
4.562915802000000021e+00
5.775059222999999520e+00
4.937007427000000170e+00
4.949849128999999515e+00
4.707500458000000165e+00
5.088981627999999979e+00
5.198487758999999819e+00
4.913502692999999866e+00
6.134089470000000155e+00
4.075717926000000269e+00
4.573003768999999608e+00
3.488274336000000364e+00
4.034614562999999876e+00
5.195567608000000170e+00
3.250187635000000075e+00
5.334328174999999561e+00
3.746184111000000261e+00
4.682359694999999711e+00
5.570375918999999953e+00
4.881062030999999912e+00
6.021290302000000594e+00
6.275111197999999391e+00
4.626374245000000052e+00
5.813930035000000274e+00
4.170338630999999907e+00
3.891698836999999855e+00
5.125165462000000005e+00
5.160880566000000336e+00
5.621752738999999721e+00
3.803035021000000349e+00
4.793897628999999938e+00
3.955856085000000189e+00
6.781714438999999928e+00
4.259956360000000331e+00
4.948255538999999814e+00
4.715752602000000238e+00
5.127170086000000460e+00
4.819014071999999871e+00
3.892282723999999750e+00
6.127707480999999845e+00
5.352575301999999979e+00
3.297150373000000023e+00
4.762209415000000057e+00
3.998053073999999540e+00
4.924139499999999892e+00
5.582615852000000878e+00
4.734485626000000558e+00
3.940154791000000323e+00
4.231986046000000279e+00
3.282309293999999600e+00
3.711266278999999724e+00
3.596426963999999948e+00
3.623017311000000351e+00
5.094994544999999597e+00
4.431469917000000258e+00
6.299993992000000098e+00
4.746113776999999700e+00
4.938862323999999582e+00
4.738605499000000165e+00
4.713448048000000057e+00
3.792478323000000096e+00
5.100469588999999360e+00
2.729351043999999948e+00
3.702836513999999912e+00
4.997558594000000021e+00
3.987066268999999608e+00
3.673550843999999760e+00
5.152912139999999752e+00
6.792222022999999886e+00
3.280138492999999933e+00
4.716647147999999845e+00
5.681771277999999370e+00
3.845079660000000121e+00
4.319912433999999912e+00
3.548273801999999755e+00
4.012990474999999613e+00
4.272329807000000201e+00
3.623960971999999892e+00
4.410937785999999861e+00
5.567675591000000423e+00
4.373451232999999938e+00
5.721752167000000888e+00
4.169781685000000238e+00
5.063383101999999525e+00
3.751896858000000279e+00
4.855944156999999706e+00
3.706147908999999796e+00
6.073505402000000331e+00
4.787444591999999943e+00
5.092173100000000119e+00
5.282410621999999556e+00
3.754554986999999677e+00
3.534552812999999905e+00
3.733413218999999561e+00
5.057765483999999923e+00
5.429943562000000057e+00
6.025817871000000103e+00
5.282443047000000114e+00
3.820021391000000044e+00
5.809424877000000542e+00
5.479170798999999370e+00
5.054750443000000537e+00
5.291999340000000274e+00
4.783704757999999835e+00
5.247039795000000062e+00
5.270604610000000356e+00
3.112021446000000413e+00
4.117343426000000584e+00
5.966568470000000346e+00
4.517974853999999318e+00
3.401219129999999868e+00
2.887741088999999928e+00
1.784993649000000016e+00
3.355284928999999750e+00
5.687814712999999855e+00
4.913273335000000408e+00
4.909733772000000052e+00
4.194859981999999654e+00
5.078981876000000284e+00
3.822594166000000460e+00
3.747715472999999964e+00
3.553408861000000307e+00
3.606620311999999995e+00
5.061710358000000021e+00
4.990263461999999706e+00
3.170952558999999837e+00
5.113212585000000310e+00
5.249362946000000640e+00
3.543727398000000139e+00
3.914202213000000263e+00
2.416536569999999884e+00
5.339621066999999499e+00
5.690699099999999788e+00
4.796007155999999938e+00
4.829024314999999845e+00
4.092669009999999830e+00
6.586384772999999804e+00
3.609670638999999959e+00
4.421977043000000052e+00
1.964292406999999852e+00
5.774138927000000088e+00
4.719658852000000238e+00
4.488830090000000439e+00
4.954528809000000145e+00
6.920707226000000212e+00
3.793791056000000328e+00
3.888632058999999863e+00
5.585370541000000522e+00
5.976086139999999602e+00
4.919390678000000072e+00
5.683854102999999824e+00
4.318618298000000522e+00
6.176730632999999138e+00
3.429699421000000026e+00
4.350111961000000527e+00
5.309571265999999845e+00
4.127545356999999804e+00
2.879234076000000364e+00
4.148700713999999401e+00
3.984194993999999657e+00
6.678536892000000336e+00
3.501550436000000044e+00
3.734806776000000106e+00
4.878398895000000124e+00
4.774549960999999954e+00
4.753617763999999468e+00
4.512773514000000041e+00
4.121150970000000413e+00
4.184409141999999804e+00
4.451770306000000232e+00
6.371560574000000088e+00
3.935729980000000072e+00
5.994745254999999773e+00
4.009431361999999943e+00
3.489095687999999917e+00
3.480033398000000222e+00
4.779539107999999814e+00
4.602334498999999468e+00
3.808749676000000139e+00
5.739081382999999370e+00
3.858568906999999992e+00
4.975574016999999571e+00
5.793416977000000578e+00
5.172180176000000351e+00
4.986474036999999804e+00
4.543686866999999907e+00
5.866108417999999602e+00
5.729773521000000258e+00
5.577477455000000361e+00
5.508478642000000036e+00
6.983188628999999814e+00
4.945292949999999799e+00
4.706442356000000160e+00
5.261512279999999819e+00
3.791225433000000145e+00
3.481861830000000158e+00
4.671211719999999623e+00
5.220166683000000418e+00
4.775973796999999799e+00
1.687713384999999899e+00
4.998312949999999866e+00
3.554126740000000062e+00
4.157792568000000522e+00
4.598925591000000423e+00
4.764431952999999886e+00
5.936074733999999964e+00
3.364103317000000093e+00
6.316596031000000444e+00
4.672978400999999948e+00
5.116312981000000093e+00
3.800424576000000165e+00
4.232515335000000434e+00
5.376107692999999799e+00
4.089677334000000108e+00
3.166533470000000072e+00
3.846484661000000305e+00
2.705111979999999861e+00
4.814757346999999577e+00
3.521437407000000075e+00
4.302287578999999695e+00
3.539101838999999750e+00
3.409070491999999675e+00
4.146906376000000449e+00
2.724743843000000165e+00
4.133251190000000186e+00
3.920624732999999917e+00
4.510873317999999799e+00
4.412562847000000232e+00
3.675702572000000057e+00
6.204051494999999861e+00
5.676810741000000604e+00
3.484293461000000036e+00
5.123778342999999680e+00
5.423533916000000232e+00
3.708991528000000315e+00
5.494387149999999664e+00
6.215309142999999814e+00
3.847885132000000041e+00
5.601034163999999649e+00
6.414088726000000129e+00
2.801679133999999571e+00
5.040316581999999990e+00
4.065132141000000310e+00
3.717018603999999726e+00
5.039438725000000119e+00
4.471767901999999850e+00
3.419029713000000026e+00
6.454263209999999695e+00
5.382471084999999711e+00
3.742007971000000044e+00
3.584537028999999819e+00
3.747914076000000261e+00
5.816122055000000124e+00
4.305920124000000015e+00
3.514957905000000160e+00
5.373917102999999251e+00
5.792261599999999788e+00
4.484503746000000568e+00
5.261177540000000263e+00
4.123463630999999907e+00
3.041321992999999946e+00
4.087687016000000284e+00
3.772753953999999688e+00
6.110918522000000408e+00
5.230886458999999711e+00
5.287040710000000310e+00
5.008883952999999778e+00
3.526694298000000227e+00
3.892829657000000054e+00
5.177892208000000274e+00
5.717087268999999417e+00
4.924962996999999731e+00
5.077229977000000005e+00
5.823880672000000480e+00
5.593181132999999861e+00
4.266508101999999525e+00
3.309808493000000240e+00
4.828287601000000429e+00
4.871068477999999757e+00
4.782887935999999840e+00
5.664887427999999225e+00
5.593055725000000145e+00
5.102765083000000423e+00
5.092092991000000346e+00
5.626598357999999855e+00
3.608109713000000163e+00
4.348934174000000041e+00
5.349023341999999737e+00
4.570939064000000052e+00
4.148747443999999618e+00
5.706901550000000434e+00
6.071600913999999349e+00
4.367512226000000553e+00
4.069710255000000387e+00
4.529108047000000248e+00
4.565849303999999442e+00
5.838298320999999902e+00
6.240770340000000083e+00
5.975196837999999566e+00
5.391334533999999401e+00
5.878069877999999804e+00
4.990953444999999711e+00
4.770478248999999948e+00
5.594049453999999422e+00
5.491484642000000527e+00
6.101187228999999768e+00
4.740985870000000268e+00
5.176642418000000134e+00
5.230865001999999819e+00
3.566827773999999618e+00
5.047715664000000046e+00
6.217122555000000439e+00
4.543981551999999979e+00
5.249172687999999809e+00
5.116735935000000346e+00
5.794324875000000041e+00
4.247681618000000547e+00
4.016226768000000114e+00
3.792180061000000268e+00
3.721540212999999930e+00
6.253426552000000527e+00
3.924518584999999948e+00
3.351623296999999724e+00
5.096427916999999752e+00
5.406946182000000434e+00
4.974531651000000387e+00
4.889558315000000377e+00
5.889491081000000072e+00
4.999530791999999835e+00
5.115175724000000201e+00
3.780813693999999892e+00
4.651994228000000398e+00
5.649461268999999675e+00
3.671274899999999786e+00
4.011400700000000263e+00
3.699468613000000072e+00
4.685359001000000134e+00
5.265630244999999654e+00
7.055963038999999881e+00
2.976014853000000127e+00
4.779860496999999597e+00
5.358926773000000310e+00
5.873404502999999721e+00
5.983683108999999334e+00
3.621492623999999605e+00
4.419861794000000010e+00
2.756787776999999995e+00
5.848990917000000067e+00
4.767960072000000160e+00
5.650569438999999861e+00
3.494853734999999961e+00
5.548016547999999659e+00
3.720253228999999884e+00
5.537648677999999158e+00
4.908181667000000026e+00
3.136937856999999941e+00
4.479196071999999695e+00
5.044915199000000072e+00
3.888083219999999951e+00
5.208121776999999675e+00
3.034476994999999899e+00
4.834756850999999855e+00
5.462316512999999318e+00
4.429517268999999757e+00
5.907192707000000098e+00
3.583440065000000008e+00
5.870737076000000165e+00
4.961065769000000181e+00
4.485428332999999768e+00
3.674686193000000323e+00
3.704124928000000150e+00
3.679219723000000108e+00
3.212878703999999974e+00
3.852529526000000093e+00
5.757342815000000336e+00
4.034446716000000599e+00
4.649443626000000052e+00
6.124930382000000506e+00
3.411328553999999791e+00
6.013005257000000547e+00
5.165457726000000527e+00
6.509542942000000387e+00
4.276142120000000268e+00
4.660751819999999768e+00
3.962836503999999760e+00
5.518072605000000408e+00
3.612738132000000046e+00
3.540448426999999842e+00
4.580617428000000046e+00
4.235527038999999938e+00
4.797122002000000052e+00
6.304789542999999163e+00
5.504176140000000217e+00
4.395978451000000398e+00
4.980300902999999835e+00
6.085667132999999396e+00
5.000804424000000026e+00
6.041785717000000666e+00
5.669783115000000429e+00
5.973089217999999256e+00
4.130246161999999721e+00
4.595235348000000108e+00
6.230865954999999623e+00
4.370209217000000201e+00
3.558811664999999902e+00
5.390296458999999984e+00
5.815271377999999380e+00
5.658663272999999272e+00
5.412695407999999375e+00
4.406769276000000346e+00
6.115684032000000769e+00
4.855807781000000212e+00
4.478723526000000454e+00
3.433995723999999861e+00
5.487869262999999442e+00
5.926330565999999855e+00
3.255131482999999992e+00
3.452377796000000387e+00
4.999481678000000429e+00
6.400094032000000155e+00
5.410131931000000449e+00
3.133925914999999840e+00
6.239237785000000258e+00
3.718485831999999824e+00
2.785498618999999731e+00
5.267558574999999799e+00
2.501022815999999871e+00
4.325501442000000196e+00
2.681247711000000145e+00
2.395079374000000261e+00
5.081679820999999819e+00
4.622078896000000547e+00
2.626741648000000318e+00
3.389753341999999670e+00
4.862283230000000067e+00
4.646757603000000181e+00
5.604484080999999840e+00
3.576533556000000225e+00
3.370144843999999917e+00
4.511286736000000630e+00
4.788103579999999582e+00
5.085493565000000160e+00
5.605792999000000165e+00
